# Dipole matrix elements file: |<Phi_i | r | Phi_j>|
# ik =   1
# Units = [b]
      0.000000000000         0.000000000001         0.000000000021         0.498189065753         0.345248925727         0.000000000015         0.000000000023         0.000000000010         0.000000000025         0.180312800905         0.131391830012         0.000000000034         0.000000000040         0.000000000015         0.000000000054         0.000000000007         0.000000000014         0.000000000126         0.000000000117         0.000000000185         0.288869275744         0.199076505828         0.000000000076         0.000000000091         0.000000000269         0.000000000350         0.000000000136         0.174024783691         0.160400467932         0.000000000849   
      0.000000000001         0.000000000006         0.000000000016         0.000000000001         0.000000000008         0.000000000071         0.000000000025         0.912974531658         0.662015166659         0.000000000021         0.000000000005         0.000000000038         0.000000000257         0.000000000029         0.704150360466         0.515889136528         0.000000000017         0.000000000149         0.000000000276         0.000000000074         0.000000000132         0.000000000314         0.000000000497         0.000000000087         0.000000000336         0.000000000163         0.000000000286         0.000000000524         0.000000000364         0.000000000627   
      0.000000000021         0.000000000016         0.000000000021         2.551436574094         1.768165535522         0.000000000028         0.000000000004         0.000000000037         0.000000000004         1.200576750276         0.874846242489         0.000000000138         0.000000000017         0.000000000002         0.000000000025         0.000000000004         0.000000000015         0.000000000085         0.000000000082         0.000000000113         0.778834675479         0.536739968014         0.000000000000         0.000000000064         0.000000000114         0.000000000187         0.000000000045         0.356981001378         0.329033132596         0.000000000463   
      0.498189065753         0.000000000001         2.551436574094         0.000000000015         0.000000000023         0.000000000025         0.986374988223         0.000000000085         0.000000000020         0.000000000121         0.000000000091         0.000000000009         1.599912944441         0.990097286160         0.000000000046         0.000000000047         0.000000000063         2.038393013603         0.318227569491         1.016532708919         0.000000000134         0.000000000053         0.000000000037         0.000000000058         0.000000000015         0.311236166247         0.000000000104         0.000000000179         0.000000000020         0.321280166872   
      0.345248925727         0.000000000008         1.768165535522         0.000000000023         0.000000000103         0.000000000016         0.683565594766         0.000000000014         0.000000000007         0.000000000061         0.000000000075         0.000000000017         2.308650586989         0.686145176413         0.000000000037         0.000000000063         0.000000000009         1.412622328657         0.459197650724         0.704465131525         0.000000000160         0.000000000031         0.000000000011         0.000000000013         0.000000000048         0.215689101671         0.000000000046         0.000000000104         0.000000000042         0.222649672843   
      0.000000000015         0.000000000071         0.000000000028         0.000000000025         0.000000000016         0.000000000063         0.000000000001         2.727118158818         1.977485154291         0.000000000039         0.000000000018         0.000000000036         0.000000000115         0.000000000039         0.943799522445         0.691465840129         0.000000000015         0.000000000053         0.000000000093         0.000000000047         0.000000000120         0.000000000064         0.000000000221         0.000000000027         0.000000000181         0.000000000106         0.000000000078         0.000000000210         0.000000000183         0.000000000251   
      0.000000000023         0.000000000025         0.000000000004         0.986374988223         0.683565594766         0.000000000001         0.000000000020         0.000000000033         0.000000000033         2.594862624140         1.890846058856         0.000000000227         0.000000000007         0.000000000010         0.000000000029         0.000000000002         0.000000000022         0.000000000013         0.000000000081         0.000000000040         0.999459588072         0.688785340764         0.000000000005         0.000000000054         0.000000000093         0.000000000181         0.000000000023         0.441676586726         0.407097941905         0.000000000387   
      0.000000000010         0.912974531658         0.000000000037         0.000000000085         0.000000000014         2.727118158818         0.000000000033         0.000000000188         0.000000000207         0.000000000066         0.000000000036         0.758761008548         0.000000000414         0.000000000068         0.000000000221         0.000000000197         2.078838439357         0.000000000220         0.000000000251         0.000000000363         0.000000000363         0.000000000140         2.001940081787         2.244685302062         0.129198140981         0.000000001126         0.636392288980         0.000000002269         0.000000001769         0.000000000062   
      0.000000000025         0.662015166659         0.000000000004         0.000000000020         0.000000000007         1.977485154291         0.000000000033         0.000000000207         0.000000000212         0.000000000074         0.000000000041         0.550192013269         0.000000000122         0.000000000046         0.000000000157         0.000000000143         2.866892853609         0.000000000124         0.000000000197         0.000000000271         0.000000000242         0.000000000134         1.451644762334         1.627663930313         0.178175092023         0.000000000884         0.461460131249         0.000000001512         0.000000001290         0.000000000175   
      0.180312800905         0.000000000021         1.200576750276         0.000000000121         0.000000000061         0.000000000039         2.594862624140         0.000000000066         0.000000000074         0.000000000079         0.000000000029         0.000000000057         0.802283310032         0.076019638883         0.000000000115         0.000000000183         0.000000000108         0.532106068553         1.937840032030         1.642843659635         0.000000000251         0.000000000065         0.000000000202         0.000000000075         0.000000000114         2.144986076843         0.000000000189         0.000000000318         0.000000000035         1.525987217870   
      0.131391830012         0.000000000005         0.874846242489         0.000000000091         0.000000000075         0.000000000018         1.890846058856         0.000000000036         0.000000000041         0.000000000029         0.000000000013         0.000000000021         1.100996543673         0.055394622126         0.000000000155         0.000000000223         0.000000000045         0.387739471570         2.659353810027         1.197120969072         0.000000000125         0.000000000015         0.000000000134         0.000000000054         0.000000000060         1.563026278124         0.000000000059         0.000000000105         0.000000000027         1.111969046037   
      0.000000000034         0.000000000038         0.000000000138         0.000000000009         0.000000000017         0.000000000036         0.000000000227         0.758761008548         0.550192013269         0.000000000057         0.000000000021         0.000000000054         0.000000000189         0.000000000074         2.673617523287         1.958800722528         0.000000000045         0.000000000134         0.000000000218         0.000000000201         0.000000000110         0.000000000217         0.000000000393         0.000000000024         0.000000000189         0.000000000060         0.000000000198         0.000000000335         0.000000000248         0.000000000196   
      0.000000000040         0.000000000257         0.000000000017         1.599912944441         2.308650586989         0.000000000115         0.000000000007         0.000000000414         0.000000000122         0.802283310032         1.100996543673         0.000000000189         0.000000000382         0.000000000000         0.000000000061         0.000000000009         0.000000000060         0.000000000425         0.000000000040         0.000000000046         1.021791386815         1.482666859819         0.000000000017         0.000000000375         0.000000001513         0.000000000112         0.000000001762         2.315352914527         2.512017543715         0.000000003119   
      0.000000000015         0.000000000029         0.000000000002         0.990097286160         0.686145176413         0.000000000039         0.000000000010         0.000000000068         0.000000000046         0.076019638883         0.055394622126         0.000000000074         0.000000000000         0.000000000003         0.000000000006         0.000000000011         0.000000000095         0.000000000015         0.000000000027         0.000000000029         1.698808341239         1.170746967773         0.000000000016         0.000000000045         0.000000000004         0.000000000046         0.000000000108         1.894661196821         1.746329095296         0.000000000029   
      0.000000000054         0.704150360466         0.000000000025         0.000000000046         0.000000000037         0.943799522445         0.000000000029         0.000000000221         0.000000000157         0.000000000115         0.000000000155         2.673617523287         0.000000000061         0.000000000006         0.000000000055         0.000000000093         0.298546946110         0.000000000296         0.000000000277         0.000000000266         0.000000000027         0.000000000159         0.179718091242         0.144728327620         2.048720768879         0.000000000725         1.273234175956         0.000000000848         0.000000000644         0.000000000152   
      0.000000000007         0.515889136528         0.000000000004         0.000000000047         0.000000000063         0.691465840129         0.000000000002         0.000000000197         0.000000000143         0.000000000183         0.000000000223         1.958800722528         0.000000000009         0.000000000011         0.000000000093         0.000000000073         0.407494411097         0.000000000211         0.000000000096         0.000000000287         0.000000000129         0.000000000076         0.131668768568         0.106033847479         2.796351708210         0.000000000518         0.932823039297         0.000000000813         0.000000000735         0.000000000084   
      0.000000000014         0.000000000017         0.000000000015         0.000000000063         0.000000000009         0.000000000015         0.000000000022         2.078838439357         2.866892853609         0.000000000108         0.000000000045         0.000000000045         0.000000000060         0.000000000095         0.298546946110         0.407494411097         0.000000000056         0.000000000126         0.000000000363         0.000000000204         0.000000000235         0.000000000222         0.000000000238         0.000000000232         0.000000000608         0.000000000447         0.000000001370         0.000000001877         0.000000001544         0.000000002030   
      0.000000000126         0.000000000149         0.000000000085         2.038393013603         1.412622328657         0.000000000053         0.000000000013         0.000000000220         0.000000000124         0.532106068553         0.387739471570         0.000000000134         0.000000000425         0.000000000015         0.000000000296         0.000000000211         0.000000000126         0.000000000264         0.000000000002         0.000000000454         0.268040588694         0.184722254264         0.000000000073         0.000000000026         0.000000000312         0.000000000586         0.000000000206         0.707849250734         0.652432077732         0.000000000992   
      0.000000000117         0.000000000276         0.000000000082         0.318227569491         0.459197650724         0.000000000093         0.000000000081         0.000000000251         0.000000000197         1.937840032030         2.659353810027         0.000000000218         0.000000000040         0.000000000027         0.000000000277         0.000000000096         0.000000000363         0.000000000002         0.000000000342         0.000000000322         0.648678178025         0.941262228464         0.000000000127         0.000000000154         0.000000000043         0.000000000102         0.000000000463         0.356473484939         0.386752119556         0.000000000908   
      0.000000000185         0.000000000074         0.000000000113         1.016532708919         0.704465131525         0.000000000047         0.000000000040         0.000000000363         0.000000000271         1.642843659635         1.197120969072         0.000000000201         0.000000000046         0.000000000029         0.000000000266         0.000000000287         0.000000000204         0.000000000454         0.000000000322         0.000000000498         1.990173868312         1.371543784751         0.000000000143         0.000000000007         0.000000000326         0.000000000108         0.000000000559         1.119828649897         1.032157811558         0.000000000438   
      0.288869275744         0.000000000132         0.778834675479         0.000000000134         0.000000000160         0.000000000120         0.999459588072         0.000000000363         0.000000000242         0.000000000251         0.000000000125         0.000000000110         1.021791386815         1.698808341239         0.000000000027         0.000000000129         0.000000000235         0.268040588694         0.648678178025         1.990173868312         0.000000000382         0.000000000342         0.000000000258         0.000000000137         0.000000000335         0.448140387064         0.000000000420         0.000000000420         0.000000000276         1.457071603393   
      0.199076505828         0.000000000314         0.536739968014         0.000000000053         0.000000000031         0.000000000064         0.688785340764         0.000000000140         0.000000000134         0.000000000065         0.000000000015         0.000000000217         1.482666859819         1.170746967773         0.000000000159         0.000000000076         0.000000000222         0.184722254264         0.941262228464         1.371543784751         0.000000000342         0.000000000334         0.000000000350         0.000000000144         0.000000000377         0.308839429483         0.000000000149         0.000000000536         0.000000000280         1.004152216910   
      0.000000000076         0.000000000497         0.000000000000         0.000000000037         0.000000000011         0.000000000221         0.000000000005         2.001940081787         1.451644762334         0.000000000202         0.000000000134         0.000000000393         0.000000000017         0.000000000016         0.179718091242         0.131668768568         0.000000000238         0.000000000073         0.000000000127         0.000000000143         0.000000000258         0.000000000350         0.000000000166         0.000000000007         0.000000000058         0.000000000093         0.000000000421         0.000000000255         0.000000000032         0.000000000201   
      0.000000000091         0.000000000087         0.000000000064         0.000000000058         0.000000000013         0.000000000027         0.000000000054         2.244685302062         1.627663930313         0.000000000075         0.000000000054         0.000000000024         0.000000000375         0.000000000045         0.144728327620         0.106033847479         0.000000000232         0.000000000026         0.000000000154         0.000000000007         0.000000000137         0.000000000144         0.000000000007         0.000000000210         0.000000000085         0.000000000019         0.000000000033         0.000000000262         0.000000000051         0.000000000251   
      0.000000000269         0.000000000336         0.000000000114         0.000000000015         0.000000000048         0.000000000181         0.000000000093         0.129198140981         0.178175092023         0.000000000114         0.000000000060         0.000000000189         0.000000001513         0.000000000004         2.048720768879         2.796351708210         0.000000000608         0.000000000312         0.000000000043         0.000000000326         0.000000000335         0.000000000377         0.000000000058         0.000000000085         0.000000000218         0.000000000181         0.000000000226         0.000000000099         0.000000000255         0.000000000454   
      0.000000000350         0.000000000163         0.000000000187         0.311236166247         0.215689101671         0.000000000106         0.000000000181         0.000000001126         0.000000000884         2.144986076843         1.563026278124         0.000000000060         0.000000000112         0.000000000046         0.000000000725         0.000000000518         0.000000000447         0.000000000586         0.000000000102         0.000000000108         0.448140387064         0.308839429483         0.000000000093         0.000000000019         0.000000000181         0.000000001033         0.000000001142         0.335823587322         0.309532124714         0.000000000011   
      0.000000000136         0.000000000286         0.000000000045         0.000000000104         0.000000000046         0.000000000078         0.000000000023         0.636392288980         0.461460131249         0.000000000189         0.000000000059         0.000000000198         0.000000001762         0.000000000108         1.273234175956         0.932823039297         0.000000001370         0.000000000206         0.000000000463         0.000000000559         0.000000000420         0.000000000149         0.000000000421         0.000000000033         0.000000000226         0.000000001142         0.000000000389         0.000000000048         0.000000000382         0.000000000760   
      0.174024783691         0.000000000524         0.356981001378         0.000000000179         0.000000000104         0.000000000210         0.441676586726         0.000000002269         0.000000001512         0.000000000318         0.000000000105         0.000000000335         2.315352914527         1.894661196821         0.000000000848         0.000000000813         0.000000001877         0.707849250734         0.356473484939         1.119828649897         0.000000000420         0.000000000536         0.000000000255         0.000000000262         0.000000000099         0.335823587322         0.000000000048         0.000000000690         0.000000000070         0.323882958403   
      0.160400467932         0.000000000364         0.329033132596         0.000000000020         0.000000000042         0.000000000183         0.407097941905         0.000000001769         0.000000001290         0.000000000035         0.000000000027         0.000000000248         2.512017543715         1.746329095296         0.000000000644         0.000000000735         0.000000001544         0.652432077732         0.386752119556         1.032157811558         0.000000000276         0.000000000280         0.000000000032         0.000000000051         0.000000000255         0.309532124714         0.000000000382         0.000000000070         0.000000000027         0.298526316685   
      0.000000000849         0.000000000627         0.000000000463         0.321280166872         0.222649672843         0.000000000251         0.000000000387         0.000000000062         0.000000000175         1.525987217870         1.111969046037         0.000000000196         0.000000003119         0.000000000029         0.000000000152         0.000000000084         0.000000002030         0.000000000992         0.000000000908         0.000000000438         1.457071603393         1.004152216910         0.000000000201         0.000000000251         0.000000000454         0.000000000011         0.000000000760         0.323882958403         0.298526316685         0.000000000282   
