# Dipole matrix elements file: |<Phi_i | r | Phi_j>|
# ik =   1
# Units = [b]
      0.000000000000         1.146038322292         0.000000000002         0.000000000028         0.000000000046         0.244992059864         0.000000000007         0.000000000006         0.000000000001         0.000000000011         0.000000000002         0.248792794194         0.000000000007         0.000000000014         0.000000000001         0.000000000001         0.000000000007         0.000000000045         0.000000000010         0.000000000046         0.000000000013         0.000000000067         0.002260556754         0.000000000002         0.000000000085         0.000000000028         0.147684488353         0.000000000016         0.000000000022         0.000000000006   
      1.146038322292         0.000000000009         2.376797900091         0.000000000203         0.000000000119         0.000000000021         0.266389003068         0.000000000126         0.000000000017         0.000000000082         0.000000000010         0.000000000034         0.000000000121         1.137093345260         0.000000000089         0.000000000035         0.000000000116         0.000000000083         0.000000000045         0.810771842802         0.000000000162         0.000000000209         0.000000000153         0.000000000088         0.000000000231         0.000000000104         0.000000000855         0.000000000983         0.000000001125         0.598252705701   
      0.000000000002         2.376797900091         0.000000000003         0.000000000025         0.000000000042         5.858487351375         0.000000000002         0.000000000006         0.000000000001         0.000000000041         0.000000000035         0.760390678371         0.000000000009         0.000000000008         0.000000000009         0.000000000003         0.000000000003         0.000000000055         0.000000000003         0.000000000021         0.000000000005         0.000000000053         0.036460900342         0.000000000002         0.000000000091         0.000000000025         0.306755964516         0.000000000071         0.000000000048         0.000000000083   
      0.000000000028         0.000000000203         0.000000000025         0.000000000002         0.000000000005         0.000000000110         0.000000000024         3.347391671705         0.071539208574         0.000000000009         0.000000000028         0.000000000143         0.000000000052         0.000000000139         1.061705314459         0.027908464393         0.000000000020         0.000000000057         0.000000000053         0.000000000066         0.000000000060         0.000000000107         0.000000000095         0.000000000016         0.000000000058         0.000000000062         0.000000000072         0.000000000266         0.000000000262         0.000000000187   
      0.000000000046         0.000000000119         0.000000000042         0.000000000005         0.000000000021         0.000000000089         0.000000000059         0.071539208556         3.347391671732         0.000000000001         0.000000000005         0.000000000018         0.000000000045         0.000000000276         0.027908464349         1.061705314443         0.000000000032         0.000000000067         0.000000000081         0.000000000109         0.000000000004         0.000000000158         0.000000000063         0.000000000034         0.000000000069         0.000000000001         0.000000000363         0.000000000138         0.000000000101         0.000000000167   
      0.244992059864         0.000000000021         5.858487351375         0.000000000110         0.000000000089         0.000000000016         9.314544907636         0.000000000034         0.000000000016         0.000000000018         0.000000000014         0.000000000010         0.000000000031         2.060444620278         0.000000000059         0.000000000018         0.000000000030         0.000000000021         0.000000000012         0.220123387385         0.000000000120         0.000000000017         0.000000000082         0.000000000009         0.000000000127         0.000000000023         0.000000000303         0.000000000337         0.000000000364         0.209875520596   
      0.000000000007         0.266389003068         0.000000000002         0.000000000024         0.000000000059         9.314544907636         0.000000000005         0.000000000053         0.000000000008         0.000000000420         0.000000000430         6.749092258458         0.000000000008         0.000000000016         0.000000000013         0.000000000002         0.000000000010         0.000000000066         0.000000000009         0.000000000015         0.000000000022         0.000000000094         0.261733855169         0.000000000119         0.000000000279         0.000000000172         0.202381324840         0.000000000715         0.000000000411         0.000000001027   
      0.000000000006         0.000000000126         0.000000000006         3.347391671705         0.071539208556         0.000000000034         0.000000000053         0.000000000003         0.000000000010         8.939048154792         0.020875851437         0.000000000641         0.000000000009         0.000000000087         0.000000000012         0.000000000022         0.000000000011         0.000000000021         0.000000000019         0.000000000106         0.846298497812         0.020293051380         0.000000000083         0.000000000005         0.000000000013         0.000000000040         0.000000000035         0.181621725545         0.021401559970         0.000000000065   
      0.000000000001         0.000000000017         0.000000000001         0.071539208574         3.347391671732         0.000000000016         0.000000000008         0.000000000010         0.000000000032         0.020875851447         8.939048154816         0.000000000513         0.000000000004         0.000000000035         0.000000000010         0.000000000004         0.000000000017         0.000000000003         0.000000000020         0.000000000008         0.020293051483         0.846298498016         0.000000000039         0.000000000018         0.000000000023         0.000000000029         0.000000000044         0.021401559967         0.181621725555         0.000000000011   
      0.000000000011         0.000000000082         0.000000000041         0.000000000009         0.000000000001         0.000000000018         0.000000000420         8.939048154792         0.020875851447         0.000000000017         0.000000000006         0.000000000097         0.000000000052         0.000000000589         7.485300698966         0.019287215720         0.000000000025         0.000000000024         0.000000000007         0.000000000209         0.000000000029         0.000000000005         0.000000000108         0.000000000069         0.000000000069         0.000000000109         0.000000000274         0.000000000379         0.000000000315         0.000000000297   
      0.000000000002         0.000000000010         0.000000000035         0.000000000028         0.000000000005         0.000000000014         0.000000000430         0.020875851437         8.939048154816         0.000000000006         0.000000000039         0.000000000015         0.000000000011         0.000000000627         0.019287215752         7.485300698928         0.000000000001         0.000000000018         0.000000000024         0.000000000198         0.000000000046         0.000000000079         0.000000000015         0.000000000020         0.000000000024         0.000000000085         0.000000000075         0.000000000201         0.000000000234         0.000000000060   
      0.248792794194         0.000000000034         0.760390678371         0.000000000143         0.000000000018         0.000000000010         6.749092258458         0.000000000641         0.000000000513         0.000000000097         0.000000000015         0.000000000043         0.000000000193         7.875034544755         0.000000000446         0.000000000493         0.000000000115         0.000000000100         0.000000000021         3.740769959148         0.000000000124         0.000000000330         0.000000000140         0.000000000176         0.000000000240         0.000000000190         0.000000000934         0.000000001071         0.000000001253         1.658345282657   
      0.000000000007         0.000000000121         0.000000000009         0.000000000052         0.000000000045         0.000000000031         0.000000000008         0.000000000009         0.000000000004         0.000000000052         0.000000000011         0.000000000193         0.000000000011         0.000000000010         0.000000000006         0.000000000023         5.489243698712         0.000000000025         0.000000000000         0.000000000042         0.000000000212         0.000000000183         0.000000000064         0.000000000028         0.304454418042         0.000000000067         0.000000000148         0.000000000123         0.000000000044         0.000000000089   
      0.000000000014         1.137093345260         0.000000000008         0.000000000139         0.000000000276         2.060444620278         0.000000000016         0.000000000087         0.000000000035         0.000000000589         0.000000000627         7.875034544755         0.000000000010         0.000000000040         0.000000000017         0.000000000002         0.000000000024         0.000000000205         0.000000000091         0.000000000095         0.000000000177         0.000000000219         4.584297645798         0.000000000228         0.000000000902         0.000000000495         4.403708509548         0.000000001554         0.000000000851         0.000000002399   
      0.000000000001         0.000000000089         0.000000000009         1.061705314459         0.027908464349         0.000000000059         0.000000000013         0.000000000012         0.000000000010         7.485300698966         0.019287215752         0.000000000446         0.000000000006         0.000000000017         0.000000000018         0.000000000003         0.000000000066         0.000000000039         0.000000000013         0.000000000071         8.103973532253         0.234156736132         0.000000000187         0.000000000042         0.000000000176         0.000000000012         0.000000000011         3.046755343502         0.343852282296         0.000000000048   
      0.000000000001         0.000000000035         0.000000000003         0.027908464393         1.061705314443         0.000000000018         0.000000000002         0.000000000022         0.000000000004         0.019287215720         7.485300698928         0.000000000493         0.000000000023         0.000000000002         0.000000000003         0.000000000035         0.000000000094         0.000000000011         0.000000000053         0.000000000087         0.234156736037         8.103973532162         0.000000000150         0.000000000075         0.000000000272         0.000000000217         0.000000000046         0.343852282397         3.046755343715         0.000000000375   
      0.000000000007         0.000000000116         0.000000000003         0.000000000020         0.000000000032         0.000000000030         0.000000000010         0.000000000011         0.000000000017         0.000000000025         0.000000000001         0.000000000115         5.489243698712         0.000000000024         0.000000000066         0.000000000094         0.000000000063         0.000000000058         8.565962041244         0.000000000026         0.000000000040         0.000000000051         0.000000000034         0.000000000086         0.000000000012         0.000000000136         0.000000000008         0.000000000073         0.000000000010         0.000000000238   
      0.000000000045         0.000000000083         0.000000000055         0.000000000057         0.000000000067         0.000000000021         0.000000000066         0.000000000021         0.000000000003         0.000000000024         0.000000000018         0.000000000100         0.000000000025         0.000000000205         0.000000000039         0.000000000011         0.000000000058         0.000000000050         0.000000000043         0.000000000233         0.000000000021         0.000000000121         0.000000000121         4.914660159004         0.000000000324         0.000000000196         0.000000000134         0.000000000134         0.000000000195         0.000000000001   
      0.000000000010         0.000000000045         0.000000000003         0.000000000053         0.000000000081         0.000000000012         0.000000000009         0.000000000019         0.000000000020         0.000000000007         0.000000000024         0.000000000021         0.000000000000         0.000000000091         0.000000000013         0.000000000053         8.565962041244         0.000000000043         0.000000000006         0.000000000070         0.000000000127         0.000000000247         0.000000000010         0.000000000019         7.934408974616         0.000000000068         0.000000000091         0.000000000153         0.000000000232         0.000000000099   
      0.000000000046         0.810771842802         0.000000000021         0.000000000066         0.000000000109         0.220123387385         0.000000000015         0.000000000106         0.000000000008         0.000000000209         0.000000000198         3.740769959148         0.000000000042         0.000000000095         0.000000000071         0.000000000087         0.000000000026         0.000000000233         0.000000000070         0.000000000039         0.000000000136         0.000000000218         4.450821727471         0.000000000332         0.000000000606         0.000000000204         6.526478064205         0.000000001338         0.000000000597         0.000000001694   
      0.000000000013         0.000000000162         0.000000000005         0.000000000060         0.000000000004         0.000000000120         0.000000000022         0.846298497812         0.020293051483         0.000000000029         0.000000000046         0.000000000124         0.000000000212         0.000000000177         8.103973532253         0.234156736037         0.000000000040         0.000000000021         0.000000000127         0.000000000136         0.000000000157         0.000000000244         0.000000000503         0.000000000093         0.000000000528         0.000000000499         0.000000001019         0.000000001627         0.000000001413         0.000000001393   
      0.000000000067         0.000000000209         0.000000000053         0.000000000107         0.000000000158         0.000000000017         0.000000000094         0.020293051380         0.846298498016         0.000000000005         0.000000000079         0.000000000330         0.000000000183         0.000000000219         0.234156736132         8.103973532162         0.000000000051         0.000000000121         0.000000000247         0.000000000218         0.000000000244         0.000000000380         0.000000000311         0.000000000143         0.000000000093         0.000000000117         0.000000000750         0.000000000925         0.000000000972         0.000000000882   
      0.002260556754         0.000000000153         0.036460900342         0.000000000095         0.000000000063         0.000000000082         0.261733855169         0.000000000083         0.000000000039         0.000000000108         0.000000000015         0.000000000140         0.000000000064         4.584297645798         0.000000000187         0.000000000150         0.000000000034         0.000000000121         0.000000000010         4.450821727471         0.000000000503         0.000000000311         0.000000000087         0.000000000112         0.000000000134         0.000000000362         0.000000000675         0.000000000687         0.000000000659         7.756764468933   
      0.000000000002         0.000000000088         0.000000000002         0.000000000016         0.000000000034         0.000000000009         0.000000000119         0.000000000005         0.000000000018         0.000000000069         0.000000000020         0.000000000176         0.000000000028         0.000000000228         0.000000000042         0.000000000075         0.000000000086         4.914660159004         0.000000000019         0.000000000332         0.000000000093         0.000000000143         0.000000000112         0.000000000005         0.000000000364         8.672423413212         0.000000000167         0.000000000070         0.000000000065         0.000000000571   
      0.000000000085         0.000000000231         0.000000000091         0.000000000058         0.000000000069         0.000000000127         0.000000000279         0.000000000013         0.000000000023         0.000000000069         0.000000000024         0.000000000240         0.304454418042         0.000000000902         0.000000000176         0.000000000272         0.000000000012         0.000000000324         7.934408974616         0.000000000606         0.000000000528         0.000000000093         0.000000000134         0.000000000364         0.000000000839         0.000000000349         0.000000000529         0.000000000698         0.000000000022         0.000000000650   
      0.000000000028         0.000000000104         0.000000000025         0.000000000062         0.000000000001         0.000000000023         0.000000000172         0.000000000040         0.000000000029         0.000000000109         0.000000000085         0.000000000190         0.000000000067         0.000000000495         0.000000000012         0.000000000217         0.000000000136         0.000000000196         0.000000000068         0.000000000204         0.000000000499         0.000000000117         0.000000000362         8.672423413212         0.000000000349         0.000000000581         0.000000000189         0.000000000191         0.000000000289         0.000000000203   
      0.147684488353         0.000000000855         0.306755964516         0.000000000072         0.000000000363         0.000000000303         0.202381324840         0.000000000035         0.000000000044         0.000000000274         0.000000000075         0.000000000934         0.000000000148         4.403708509548         0.000000000011         0.000000000046         0.000000000008         0.000000000134         0.000000000091         6.526478064205         0.000000001019         0.000000000750         0.000000000675         0.000000000167         0.000000000529         0.000000000189         0.000000001342         0.000000001455         0.000000001148         2.294666051915   
      0.000000000016         0.000000000983         0.000000000071         0.000000000266         0.000000000138         0.000000000337         0.000000000715         0.181621725545         0.021401559967         0.000000000379         0.000000000201         0.000000001071         0.000000000123         0.000000001554         3.046755343502         0.343852282397         0.000000000073         0.000000000134         0.000000000153         0.000000001338         0.000000001627         0.000000000925         0.000000000687         0.000000000070         0.000000000698         0.000000000191         0.000000001455         0.000000001570         0.000000001003         0.000000000848   
      0.000000000022         0.000000001125         0.000000000048         0.000000000262         0.000000000101         0.000000000364         0.000000000411         0.021401559970         0.181621725555         0.000000000315         0.000000000234         0.000000001253         0.000000000044         0.000000000851         0.343852282296         3.046755343715         0.000000000010         0.000000000195         0.000000000232         0.000000000597         0.000000001413         0.000000000972         0.000000000659         0.000000000065         0.000000000022         0.000000000289         0.000000001148         0.000000001003         0.000000000578         0.000000000511   
      0.000000000006         0.598252705701         0.000000000083         0.000000000187         0.000000000167         0.209875520596         0.000000001027         0.000000000065         0.000000000011         0.000000000297         0.000000000060         1.658345282657         0.000000000089         0.000000002399         0.000000000048         0.000000000375         0.000000000238         0.000000000001         0.000000000099         0.000000001694         0.000000001393         0.000000000882         7.756764468933         0.000000000571         0.000000000650         0.000000000203         2.294666051915         0.000000000848         0.000000000511         0.000000000508   
