# Dipole matrix elements file: |<Phi_i | r | Phi_j>|
# ik =   1
# Units = [b]
      0.000000000001         0.000000000002         0.000000000001         0.345248925808         0.498189065517         0.000000000000         0.000000000005         0.000000000048         0.000000000010         0.131391830134         0.180312800887         0.000000000034         0.000000000182         0.000000000008         0.000000000015         0.000000000032         0.000000000026         0.000000000184         0.000000000197         0.000000000065         0.199076505850         0.288869275580         0.000000000107         0.000000000242         0.000000000057         0.000000000400         0.000000000448         0.160400468592         0.174024784217         0.000000000281   
      0.000000000002         0.000000000004         0.000000000002         0.000000000005         0.000000000039         0.000000000014         0.000000000018         0.662015166527         0.912974531643         0.000000000015         0.000000000034         0.000000000053         0.000000000007         0.000000000023         0.515889136413         0.704150360589         0.000000000019         0.000000000051         0.000000000134         0.000000000080         0.000000000091         0.000000000193         0.000000000155         0.000000000087         0.000000000197         0.000000000099         0.000000000923         0.000000001088         0.000000000952         0.000000000882   
      0.000000000001         0.000000000002         0.000000000002         1.768165535485         2.551436574254         0.000000000005         0.000000000004         0.000000000034         0.000000000012         0.874846242571         1.200576750274         0.000000000004         0.000000000124         0.000000000008         0.000000000005         0.000000000017         0.000000000003         0.000000000138         0.000000000053         0.000000000054         0.536739968023         0.778834675344         0.000000000057         0.000000000170         0.000000000035         0.000000000262         0.000000000306         0.329033133043         0.356981001692         0.000000000139   
      0.345248925808         0.000000000005         1.768165535485         0.000000000107         0.000000000032         0.000000000016         0.683565594728         0.000000000015         0.000000000101         0.000000000025         0.000000000044         0.000000000001         2.308650587097         0.686145176399         0.000000000007         0.000000000056         0.000000000099         1.412622328722         0.459197650626         0.704465131675         0.000000000035         0.000000000014         0.000000000029         0.000000000048         0.000000000064         0.215689101660         0.000000000221         0.000000000336         0.000000000275         0.222649672800   
      0.498189065517         0.000000000039         2.551436574254         0.000000000032         0.000000000057         0.000000000023         0.986374988336         0.000000000079         0.000000000107         0.000000000002         0.000000000005         0.000000000037         1.599912944530         0.990097286169         0.000000000027         0.000000000019         0.000000000117         2.038393013381         0.318227569468         1.016532708788         0.000000000030         0.000000000052         0.000000000016         0.000000000076         0.000000000048         0.311236166320         0.000000000151         0.000000000143         0.000000000131         0.321280166344   
      0.000000000000         0.000000000014         0.000000000005         0.000000000016         0.000000000023         0.000000000013         0.000000000006         1.977485154394         2.727118158852         0.000000000018         0.000000000045         0.000000000013         0.000000000021         0.000000000023         0.691465840052         0.943799522515         0.000000000060         0.000000000033         0.000000000088         0.000000000051         0.000000000077         0.000000000012         0.000000000078         0.000000000018         0.000000000051         0.000000000059         0.000000000416         0.000000000429         0.000000000387         0.000000000345   
      0.000000000005         0.000000000018         0.000000000004         0.683565594728         0.986374988336         0.000000000006         0.000000000008         0.000000000012         0.000000000007         1.890846058817         2.594862624148         0.000000000047         0.000000000074         0.000000000014         0.000000000011         0.000000000008         0.000000000034         0.000000000095         0.000000000055         0.000000000031         0.688785340780         0.999459588023         0.000000000034         0.000000000120         0.000000000003         0.000000000210         0.000000000223         0.407097942172         0.441676586944         0.000000000074   
      0.000000000048         0.662015166527         0.000000000034         0.000000000015         0.000000000079         1.977485154394         0.000000000012         0.000000000001         0.000000000070         0.000000000002         0.000000000091         0.550192013365         0.000000000018         0.000000000017         0.000000000079         0.000000000014         2.866892853668         0.000000000019         0.000000000067         0.000000000377         0.000000000157         0.000000000052         1.451644762056         1.627663930346         0.178175091917         0.000000000577         0.461460129588         0.000000000892         0.000000000882         0.000000000626   
      0.000000000010         0.912974531643         0.000000000012         0.000000000101         0.000000000107         2.727118158852         0.000000000007         0.000000000070         0.000000000220         0.000000000063         0.000000000008         0.758761008610         0.000000000172         0.000000000036         0.000000000075         0.000000000033         2.078838439101         0.000000000001         0.000000000104         0.000000000408         0.000000000259         0.000000000133         2.001940081465         2.244685302109         0.129198141198         0.000000000914         0.636392286627         0.000000001314         0.000000001268         0.000000000696   
      0.131391830134         0.000000000015         0.874846242571         0.000000000025         0.000000000002         0.000000000018         1.890846058817         0.000000000002         0.000000000063         0.000000000034         0.000000000031         0.000000000029         1.100996543337         0.055394622198         0.000000000051         0.000000000203         0.000000000056         0.387739471450         2.659353810085         1.197120968940         0.000000000051         0.000000000042         0.000000000170         0.000000000157         0.000000000044         1.563026278434         0.000000000465         0.000000000597         0.000000000523         1.111969046062   
      0.180312800887         0.000000000034         1.200576750274         0.000000000044         0.000000000005         0.000000000045         2.594862624148         0.000000000091         0.000000000008         0.000000000031         0.000000000012         0.000000000008         0.802283310317         0.076019638952         0.000000000224         0.000000000163         0.000000000045         0.532106068541         1.937840031991         1.642843659624         0.000000000055         0.000000000060         0.000000000187         0.000000000173         0.000000000036         2.144986077159         0.000000000715         0.000000000972         0.000000000821         1.525987217760   
      0.000000000034         0.000000000053         0.000000000004         0.000000000001         0.000000000037         0.000000000013         0.000000000047         0.550192013365         0.758761008610         0.000000000029         0.000000000008         0.000000000065         0.000000000089         0.000000000004         1.958800722591         2.673617523187         0.000000000044         0.000000000019         0.000000000358         0.000000000139         0.000000000057         0.000000000122         0.000000000096         0.000000000053         0.000000000139         0.000000000006         0.000000000608         0.000000000768         0.000000000692         0.000000000527   
      0.000000000182         0.000000000007         0.000000000124         2.308650587097         1.599912944530         0.000000000021         0.000000000074         0.000000000018         0.000000000172         1.100996543337         0.802283310317         0.000000000089         0.000000000109         0.000000000007         0.000000000135         0.000000000042         0.000000000041         0.000000000054         0.000000000142         0.000000000015         1.482666860310         1.021791386303         0.000000000068         0.000000000163         0.000000000199         0.000000000210         0.000000000842         2.512017545315         2.315352917301         0.000000001480   
      0.000000000008         0.000000000023         0.000000000008         0.686145176399         0.990097286169         0.000000000023         0.000000000014         0.000000000017         0.000000000036         0.055394622198         0.076019638952         0.000000000004         0.000000000007         0.000000000003         0.000000000031         0.000000000039         0.000000000035         0.000000000009         0.000000000026         0.000000000001         1.170746967929         1.698808341300         0.000000000035         0.000000000018         0.000000000144         0.000000000021         0.000000000039         1.746329095284         1.894661197037         0.000000000063   
      0.000000000015         0.515889136413         0.000000000005         0.000000000007         0.000000000027         0.691465840052         0.000000000011         0.000000000079         0.000000000075         0.000000000051         0.000000000224         1.958800722591         0.000000000135         0.000000000031         0.000000000077         0.000000000029         0.407494411200         0.000000000070         0.000000000237         0.000000000093         0.000000000110         0.000000000094         0.131668768646         0.106033847363         2.796351708484         0.000000000275         0.932823038471         0.000000000571         0.000000000564         0.000000000264   
      0.000000000032         0.704150360589         0.000000000017         0.000000000056         0.000000000019         0.943799522515         0.000000000008         0.000000000014         0.000000000033         0.000000000203         0.000000000163         2.673617523187         0.000000000042         0.000000000039         0.000000000029         0.000000000032         0.298546946035         0.000000000010         0.000000000149         0.000000000103         0.000000000054         0.000000000215         0.179718091282         0.144728327376         2.048720768655         0.000000000362         1.273234174989         0.000000000478         0.000000000484         0.000000000129   
      0.000000000026         0.000000000019         0.000000000003         0.000000000099         0.000000000117         0.000000000060         0.000000000034         2.866892853668         2.078838439101         0.000000000056         0.000000000045         0.000000000044         0.000000000041         0.000000000035         0.407494411200         0.298546946035         0.000000000197         0.000000000273         0.000000000142         0.000000000103         0.000000000235         0.000000000035         0.000000000250         0.000000000402         0.000000000815         0.000000000790         0.000000000107         0.000000000191         0.000000000072         0.000000001905   
      0.000000000184         0.000000000051         0.000000000138         1.412622328722         2.038393013381         0.000000000033         0.000000000095         0.000000000019         0.000000000001         0.387739471450         0.532106068541         0.000000000019         0.000000000054         0.000000000009         0.000000000070         0.000000000010         0.000000000273         0.000000000278         0.000000000041         0.000000000297         0.184722254321         0.268040588909         0.000000000076         0.000000000297         0.000000000077         0.000000000142         0.000000000508         0.652432078312         0.707849251403         0.000000000217   
      0.000000000197         0.000000000134         0.000000000053         0.459197650626         0.318227569468         0.000000000088         0.000000000055         0.000000000067         0.000000000104         2.659353810085         1.937840031991         0.000000000358         0.000000000142         0.000000000026         0.000000000237         0.000000000149         0.000000000142         0.000000000041         0.000000000120         0.000000000244         0.941262228345         0.648678178069         0.000000000170         0.000000000136         0.000000000133         0.000000000006         0.000000000086         0.386752119024         0.356473484711         0.000000000380   
      0.000000000065         0.000000000080         0.000000000054         0.704465131675         1.016532708788         0.000000000051         0.000000000031         0.000000000377         0.000000000408         1.197120968940         1.642843659624         0.000000000139         0.000000000015         0.000000000001         0.000000000093         0.000000000103         0.000000000103         0.000000000297         0.000000000244         0.000000000145         1.371543784639         1.990173868505         0.000000000129         0.000000000308         0.000000000271         0.000000000332         0.000000000475         1.032157810367         1.119828649574         0.000000000169   
      0.199076505850         0.000000000091         0.536739968023         0.000000000035         0.000000000030         0.000000000077         0.688785340780         0.000000000157         0.000000000259         0.000000000051         0.000000000055         0.000000000057         1.482666860310         1.170746967929         0.000000000110         0.000000000054         0.000000000235         0.184722254321         0.941262228345         1.371543784639         0.000000000058         0.000000000082         0.000000000174         0.000000000144         0.000000000197         0.308839429800         0.000000000163         0.000000000215         0.000000000293         1.004152217086   
      0.288869275580         0.000000000193         0.778834675344         0.000000000014         0.000000000052         0.000000000012         0.999459588023         0.000000000052         0.000000000133         0.000000000042         0.000000000060         0.000000000122         1.021791386303         1.698808341300         0.000000000094         0.000000000215         0.000000000035         0.268040588909         0.648678178069         1.990173868505         0.000000000082         0.000000000342         0.000000000392         0.000000000202         0.000000000667         0.448140387186         0.000000000193         0.000000000103         0.000000000043         1.457071604393   
      0.000000000107         0.000000000155         0.000000000057         0.000000000029         0.000000000016         0.000000000078         0.000000000034         1.451644762056         2.001940081465         0.000000000170         0.000000000187         0.000000000096         0.000000000068         0.000000000035         0.131668768646         0.179718091282         0.000000000250         0.000000000076         0.000000000170         0.000000000129         0.000000000174         0.000000000392         0.000000000030         0.000000000101         0.000000000214         0.000000000036         0.000000000369         0.000000000575         0.000000000498         0.000000000699   
      0.000000000242         0.000000000087         0.000000000170         0.000000000048         0.000000000076         0.000000000018         0.000000000120         1.627663930346         2.244685302109         0.000000000157         0.000000000173         0.000000000053         0.000000000163         0.000000000018         0.106033847363         0.144728327376         0.000000000402         0.000000000297         0.000000000136         0.000000000308         0.000000000144         0.000000000202         0.000000000101         0.000000000157         0.000000000352         0.000000000046         0.000000000070         0.000000000121         0.000000000123         0.000000000045   
      0.000000000057         0.000000000197         0.000000000035         0.000000000064         0.000000000048         0.000000000051         0.000000000003         0.178175091917         0.129198141198         0.000000000044         0.000000000036         0.000000000139         0.000000000199         0.000000000144         2.796351708484         2.048720768655         0.000000000815         0.000000000077         0.000000000133         0.000000000271         0.000000000197         0.000000000667         0.000000000214         0.000000000352         0.000000000115         0.000000001628         0.000000000387         0.000000000110         0.000000000107         0.000000001184   
      0.000000000400         0.000000000099         0.000000000262         0.215689101660         0.311236166320         0.000000000059         0.000000000210         0.000000000577         0.000000000914         1.563026278434         2.144986077159         0.000000000006         0.000000000210         0.000000000021         0.000000000275         0.000000000362         0.000000000790         0.000000000142         0.000000000006         0.000000000332         0.308839429800         0.448140387186         0.000000000036         0.000000000046         0.000000001628         0.000000000931         0.000000001023         0.309532122816         0.335823588162         0.000000001607   
      0.000000000448         0.000000000923         0.000000000306         0.000000000221         0.000000000151         0.000000000416         0.000000000223         0.461460129588         0.636392286627         0.000000000465         0.000000000715         0.000000000608         0.000000000842         0.000000000039         0.932823038471         1.273234174989         0.000000000107         0.000000000508         0.000000000086         0.000000000475         0.000000000163         0.000000000193         0.000000000369         0.000000000070         0.000000000387         0.000000001023         0.000000001256         0.000000001168         0.000000001044         0.000000000506   
      0.160400468592         0.000000001088         0.329033133043         0.000000000336         0.000000000143         0.000000000429         0.407097942172         0.000000000892         0.000000001314         0.000000000597         0.000000000972         0.000000000768         2.512017545315         1.746329095284         0.000000000571         0.000000000478         0.000000000191         0.652432078312         0.386752119024         1.032157810367         0.000000000215         0.000000000103         0.000000000575         0.000000000121         0.000000000110         0.309532122816         0.000000001168         0.000000001061         0.000000001073         0.298526317922   
      0.174024784217         0.000000000952         0.356981001692         0.000000000275         0.000000000131         0.000000000387         0.441676586944         0.000000000882         0.000000001268         0.000000000523         0.000000000821         0.000000000692         2.315352917301         1.894661197037         0.000000000564         0.000000000484         0.000000000072         0.707849251403         0.356473484711         1.119828649574         0.000000000293         0.000000000043         0.000000000498         0.000000000123         0.000000000107         0.335823588162         0.000000001044         0.000000001073         0.000000000932         0.323882956052   
      0.000000000281         0.000000000882         0.000000000139         0.222649672800         0.321280166344         0.000000000345         0.000000000074         0.000000000626         0.000000000696         1.111969046062         1.525987217760         0.000000000527         0.000000001480         0.000000000063         0.000000000264         0.000000000129         0.000000001905         0.000000000217         0.000000000380         0.000000000169         1.004152217086         1.457071604393         0.000000000699         0.000000000045         0.000000001184         0.000000001607         0.000000000506         0.298526317922         0.323882956052         0.000000007506   
